w = 2;
h = 2;
L = 10;



